x: 
    6.2832  

    9.6375  

    9.4248  

W: 
      7.28        6.28        6.28        6.28        6.28        6.28  
      6.31        7.31        6.31        6.31        6.31        6.31  
      6.28        6.28        7.28        6.28        6.28        6.28  
      6.32        6.32        6.32        7.32        6.32        6.32  
      6.29        6.29        6.29        6.29        7.29        6.29  
       6.3         6.3         6.3         6.3         6.3         7.3  
############### 
values: 
          1  

         1  

         1  

         1  

         1  

    38.786  

vectors: 
     0.366      -0.913       0.748      -0.646       0.143       0.407  
     0.231       0.183      -0.453       0.603       0.216       0.409  
    -0.106       0.182       -0.23     0.00862       0.313       0.407  
    -0.842       0.183      -0.205       0.246      0.0998        0.41  
     0.301       0.182       0.325      -0.367       0.128       0.408  
    0.0495       0.182      -0.185       0.155      -0.899       0.408  
